# Created by Octave 4.0.0, Thu Mar 16 20:01:31 2017 EDT <eggoeke@nephele>
# name: x
# type: matrix
# rows: 1
# columns: 1000
 1 1.009009009009009 1.018018018018018 1.027027027027027 1.036036036036036 1.045045045045045 1.054054054054054 1.063063063063063 1.072072072072072 1.081081081081081 1.09009009009009 1.099099099099099 1.108108108108108 1.117117117117117 1.126126126126126 1.135135135135135 1.144144144144144 1.153153153153153 1.162162162162162 1.171171171171171 1.18018018018018 1.189189189189189 1.198198198198198 1.207207207207207 1.216216216216216 1.225225225225225 1.234234234234234 1.243243243243243 1.252252252252252 1.261261261261261 1.27027027027027 1.279279279279279 1.288288288288288 1.297297297297297 1.306306306306306 1.315315315315315 1.324324324324324 1.333333333333333 1.342342342342342 1.351351351351351 1.36036036036036 1.369369369369369 1.378378378378379 1.387387387387387 1.396396396396396 1.405405405405405 1.414414414414414 1.423423423423424 1.432432432432432 1.441441441441441 1.450450450450451 1.459459459459459 1.468468468468469 1.477477477477477 1.486486486486486 1.495495495495496 1.504504504504504 1.513513513513514 1.522522522522523 1.531531531531531 1.540540540540541 1.54954954954955 1.558558558558559 1.567567567567568 1.576576576576576 1.585585585585586 1.594594594594595 1.603603603603604 1.612612612612613 1.621621621621621 1.630630630630631 1.63963963963964 1.648648648648649 1.657657657657658 1.666666666666667 1.675675675675676 1.684684684684685 1.693693693693694 1.702702702702703 1.711711711711712 1.720720720720721 1.72972972972973 1.738738738738739 1.747747747747748 1.756756756756757 1.765765765765766 1.774774774774775 1.783783783783784 1.792792792792793 1.801801801801802 1.810810810810811 1.81981981981982 1.828828828828829 1.837837837837838 1.846846846846847 1.855855855855856 1.864864864864865 1.873873873873874 1.882882882882883 1.891891891891892 1.900900900900901 1.90990990990991 1.918918918918919 1.927927927927928 1.936936936936937 1.945945945945946 1.954954954954955 1.963963963963964 1.972972972972973 1.981981981981982 1.990990990990991 2 2.009009009009009 2.018018018018018 2.027027027027027 2.036036036036036 2.045045045045045 2.054054054054054 2.063063063063063 2.072072072072072 2.081081081081081 2.09009009009009 2.099099099099099 2.108108108108108 2.117117117117117 2.126126126126126 2.135135135135135 2.144144144144144 2.153153153153153 2.162162162162162 2.171171171171171 2.18018018018018 2.189189189189189 2.198198198198198 2.207207207207207 2.216216216216216 2.225225225225225 2.234234234234235 2.243243243243243 2.252252252252252 2.261261261261261 2.27027027027027 2.27927927927928 2.288288288288288 2.297297297297297 2.306306306306306 2.315315315315315 2.324324324324325 2.333333333333333 2.342342342342342 2.351351351351351 2.36036036036036 2.36936936936937 2.378378378378378 2.387387387387387 2.396396396396396 2.405405405405405 2.414414414414415 2.423423423423423 2.432432432432432 2.441441441441441 2.45045045045045 2.45945945945946 2.468468468468468 2.477477477477477 2.486486486486486 2.495495495495495 2.504504504504505 2.513513513513514 2.522522522522523 2.531531531531531 2.54054054054054 2.54954954954955 2.558558558558559 2.567567567567568 2.576576576576576 2.585585585585585 2.594594594594595 2.603603603603604 2.612612612612613 2.621621621621622 2.63063063063063 2.63963963963964 2.648648648648649 2.657657657657658 2.666666666666667 2.675675675675675 2.684684684684685 2.693693693693694 2.702702702702703 2.711711711711712 2.72072072072072 2.72972972972973 2.738738738738739 2.747747747747748 2.756756756756757 2.765765765765765 2.774774774774775 2.783783783783784 2.792792792792793 2.801801801801802 2.810810810810811 2.81981981981982 2.828828828828829 2.837837837837838 2.846846846846847 2.855855855855856 2.864864864864865 2.873873873873874 2.882882882882883 2.891891891891892 2.900900900900901 2.90990990990991 2.918918918918919 2.927927927927928 2.936936936936937 2.945945945945946 2.954954954954955 2.963963963963964 2.972972972972973 2.981981981981982 2.990990990990991 3 3.009009009009009 3.018018018018018 3.027027027027027 3.036036036036036 3.045045045045045 3.054054054054054 3.063063063063063 3.072072072072072 3.081081081081081 3.09009009009009 3.099099099099099 3.108108108108108 3.117117117117117 3.126126126126126 3.135135135135135 3.144144144144144 3.153153153153153 3.162162162162162 3.171171171171171 3.18018018018018 3.189189189189189 3.198198198198198 3.207207207207207 3.216216216216216 3.225225225225225 3.234234234234234 3.243243243243243 3.252252252252252 3.261261261261261 3.27027027027027 3.279279279279279 3.288288288288288 3.297297297297297 3.306306306306306 3.315315315315315 3.324324324324324 3.333333333333333 3.342342342342342 3.351351351351351 3.36036036036036 3.369369369369369 3.378378378378379 3.387387387387387 3.396396396396396 3.405405405405405 3.414414414414414 3.423423423423424 3.432432432432432 3.441441441441441 3.45045045045045 3.45945945945946 3.468468468468469 3.477477477477477 3.486486486486486 3.495495495495495 3.504504504504505 3.513513513513514 3.522522522522523 3.531531531531531 3.54054054054054 3.54954954954955 3.558558558558559 3.567567567567568 3.576576576576576 3.585585585585585 3.594594594594595 3.603603603603604 3.612612612612613 3.621621621621621 3.63063063063063 3.63963963963964 3.648648648648649 3.657657657657658 3.666666666666667 3.675675675675675 3.684684684684685 3.693693693693694 3.702702702702703 3.711711711711712 3.720720720720721 3.72972972972973 3.738738738738739 3.747747747747748 3.756756756756757 3.765765765765766 3.774774774774775 3.783783783783784 3.792792792792793 3.801801801801802 3.810810810810811 3.81981981981982 3.828828828828829 3.837837837837838 3.846846846846847 3.855855855855856 3.864864864864865 3.873873873873874 3.882882882882883 3.891891891891892 3.900900900900901 3.90990990990991 3.918918918918919 3.927927927927928 3.936936936936937 3.945945945945946 3.954954954954955 3.963963963963964 3.972972972972973 3.981981981981982 3.990990990990991 4 4.009009009009009 4.018018018018018 4.027027027027027 4.036036036036036 4.045045045045045 4.054054054054054 4.063063063063063 4.072072072072072 4.081081081081081 4.09009009009009 4.099099099099099 4.108108108108108 4.117117117117117 4.126126126126126 4.135135135135135 4.144144144144144 4.153153153153153 4.162162162162162 4.171171171171171 4.18018018018018 4.189189189189189 4.198198198198198 4.207207207207207 4.216216216216216 4.225225225225225 4.234234234234235 4.243243243243244 4.252252252252252 4.261261261261261 4.27027027027027 4.27927927927928 4.288288288288289 4.297297297297297 4.306306306306306 4.315315315315315 4.324324324324325 4.333333333333334 4.342342342342342 4.351351351351351 4.36036036036036 4.36936936936937 4.378378378378379 4.387387387387387 4.396396396396396 4.405405405405405 4.414414414414415 4.423423423423424 4.432432432432432 4.441441441441441 4.45045045045045 4.45945945945946 4.468468468468469 4.477477477477477 4.486486486486486 4.495495495495495 4.504504504504505 4.513513513513514 4.522522522522523 4.531531531531531 4.54054054054054 4.54954954954955 4.558558558558559 4.567567567567568 4.576576576576576 4.585585585585585 4.594594594594595 4.603603603603604 4.612612612612613 4.621621621621621 4.63063063063063 4.63963963963964 4.648648648648649 4.657657657657658 4.666666666666666 4.675675675675675 4.684684684684685 4.693693693693694 4.702702702702703 4.711711711711711 4.72072072072072 4.72972972972973 4.738738738738739 4.747747747747748 4.756756756756756 4.765765765765765 4.774774774774775 4.783783783783784 4.792792792792793 4.801801801801801 4.810810810810811 4.81981981981982 4.828828828828829 4.837837837837838 4.846846846846846 4.855855855855856 4.864864864864865 4.873873873873874 4.882882882882883 4.891891891891891 4.900900900900901 4.90990990990991 4.918918918918919 4.927927927927928 4.936936936936936 4.945945945945946 4.954954954954955 4.963963963963964 4.972972972972973 4.981981981981982 4.990990990990991 